0.00000 0.00000 0.00000
0.00000 0.01000 0.00000
0.00000 0.03000 0.00000
0.00000 0.05000 0.00000
0.00000 0.07000 0.00000
0.00000 0.09000 0.00000
0.00000 0.11000 0.00000
0.00000 0.13000 0.00000
0.00000 0.15000 0.00000
0.00000 0.17000 0.00000
0.00000 0.19000 0.00000
0.00000 0.21000 0.00000
0.00000 0.23000 0.00000
0.00000 0.25000 0.00000
0.00000 0.27000 0.00000
0.00000 0.29000 0.00000
0.00000 0.31000 0.00000
0.00000 0.33000 0.00000
0.00000 0.35000 0.00000
0.00000 0.37000 0.00000
0.00000 0.39000 0.00000
0.00000 0.41000 0.00000
0.00000 0.43000 0.00000
0.00000 0.45000 0.00000
0.00000 0.47000 0.00000
0.00000 0.49000 0.00000
0.00000 0.51000 0.00000
0.00000 0.53000 0.00000
0.00000 0.55000 0.00000
0.00000 0.57000 0.00000
0.00000 0.59000 0.00000
0.00000 0.61000 0.00000
0.00000 0.63000 0.00000
0.00000 0.65000 0.00000
0.00000 0.67000 0.00000
0.00000 0.69000 0.00000
0.00000 0.71000 0.00000
0.00000 0.73000 0.00000
0.00000 0.75000 0.00000
0.00000 0.77000 0.00000
0.00000 0.79000 0.00000
0.00000 0.81000 0.00000
0.00000 0.83000 0.00000
0.00000 0.85000 0.00000
0.00000 0.87000 0.00000
0.00000 0.89000 0.00000
0.00000 0.91000 0.00000
0.00000 0.93000 0.00000
0.00000 0.95000 0.00000
0.00000 0.97000 0.00000
0.00000 0.99000 0.00000
0.00000 1.00000 1.00000

0.01000 0.00000 0.00000
0.01000 0.01000 0.00002
0.01000 0.03000 0.00004
0.01000 0.05000 0.00006
0.01000 0.07000 0.00009
0.01000 0.09000 0.00011
0.01000 0.11000 0.00014
0.01000 0.13000 0.00016
0.01000 0.15000 0.00019
0.01000 0.17000 0.00022
0.01000 0.19000 0.00025
0.01000 0.21000 0.00028
0.01000 0.23000 0.00031
0.01000 0.25000 0.00034
0.01000 0.27000 0.00038
0.01000 0.29000 0.00041
0.01000 0.31000 0.00045
0.01000 0.33000 0.00049
0.01000 0.35000 0.00053
0.01000 0.37000 0.00057
0.01000 0.39000 0.00062
0.01000 0.41000 0.00067
0.01000 0.43000 0.00072
0.01000 0.45000 0.00078
0.01000 0.47000 0.00084
0.01000 0.49000 0.00090
0.01000 0.51000 0.00097
0.01000 0.53000 0.00104
0.01000 0.55000 0.00113
0.01000 0.57000 0.00121
0.01000 0.59000 0.00131
0.01000 0.61000 0.00141
0.01000 0.63000 0.00153
0.01000 0.65000 0.00165
0.01000 0.67000 0.00179
0.01000 0.69000 0.00195
0.01000 0.71000 0.00212
0.01000 0.73000 0.00232
0.01000 0.75000 0.00255
0.01000 0.77000 0.00281
0.01000 0.79000 0.00312
0.01000 0.81000 0.00348
0.01000 0.83000 0.00393
0.01000 0.85000 0.00449
0.01000 0.87000 0.00520
0.01000 0.89000 0.00615
0.01000 0.91000 0.00747
0.01000 0.93000 0.00943
0.01000 0.95000 0.01256
0.01000 0.97000 0.02085
0.01000 0.99000 0.01823
0.01000 1.00000 1.00000

0.03000 0.00000 0.00000
0.03000 0.01000 0.00004
0.03000 0.03000 0.00005
0.03000 0.05000 0.00007
0.03000 0.07000 0.00009
0.03000 0.09000 0.00012
0.03000 0.11000 0.00014
0.03000 0.13000 0.00017
0.03000 0.15000 0.00020
0.03000 0.17000 0.00022
0.03000 0.19000 0.00025
0.03000 0.21000 0.00028
0.03000 0.23000 0.00031
0.03000 0.25000 0.00035
0.03000 0.27000 0.00038
0.03000 0.29000 0.00042
0.03000 0.31000 0.00045
0.03000 0.33000 0.00049
0.03000 0.35000 0.00053
0.03000 0.37000 0.00058
0.03000 0.39000 0.00063
0.03000 0.41000 0.00068
0.03000 0.43000 0.00073
0.03000 0.45000 0.00078
0.03000 0.47000 0.00085
0.03000 0.49000 0.00091
0.03000 0.51000 0.00098
0.03000 0.53000 0.00105
0.03000 0.55000 0.00114
0.03000 0.57000 0.00122
0.03000 0.59000 0.00132
0.03000 0.61000 0.00142
0.03000 0.63000 0.00154
0.03000 0.65000 0.00166
0.03000 0.67000 0.00180
0.03000 0.69000 0.00196
0.03000 0.71000 0.00213
0.03000 0.73000 0.00233
0.03000 0.75000 0.00256
0.03000 0.77000 0.00282
0.03000 0.79000 0.00312
0.03000 0.81000 0.00348
0.03000 0.83000 0.00392
0.03000 0.85000 0.00446
0.03000 0.87000 0.00513
0.03000 0.89000 0.00601
0.03000 0.91000 0.00719
0.03000 0.93000 0.00884
0.03000 0.95000 0.01127
0.03000 0.97000 0.01607
0.03000 0.99000 0.03191
0.03000 1.00000 1.00000

0.05000 0.00000 0.00000
0.05000 0.01000 0.00006
0.05000 0.03000 0.00007
0.05000 0.05000 0.00009
0.05000 0.07000 0.00011
0.05000 0.09000 0.00013
0.05000 0.11000 0.00015
0.05000 0.13000 0.00018
0.05000 0.15000 0.00020
0.05000 0.17000 0.00023
0.05000 0.19000 0.00026
0.05000 0.21000 0.00029
0.05000 0.23000 0.00032
0.05000 0.25000 0.00035
0.05000 0.27000 0.00038
0.05000 0.29000 0.00042
0.05000 0.31000 0.00046
0.05000 0.33000 0.00050
0.05000 0.35000 0.00054
0.05000 0.37000 0.00058
0.05000 0.39000 0.00063
0.05000 0.41000 0.00068
0.05000 0.43000 0.00073
0.05000 0.45000 0.00079
0.05000 0.47000 0.00085
0.05000 0.49000 0.00091
0.05000 0.51000 0.00098
0.05000 0.53000 0.00105
0.05000 0.55000 0.00113
0.05000 0.57000 0.00122
0.05000 0.59000 0.00132
0.05000 0.61000 0.00142
0.05000 0.63000 0.00153
0.05000 0.65000 0.00166
0.05000 0.67000 0.00180
0.05000 0.69000 0.00195
0.05000 0.71000 0.00212
0.05000 0.73000 0.00231
0.05000 0.75000 0.00253
0.05000 0.77000 0.00278
0.05000 0.79000 0.00308
0.05000 0.81000 0.00342
0.05000 0.83000 0.00383
0.05000 0.85000 0.00432
0.05000 0.87000 0.00492
0.05000 0.89000 0.00568
0.05000 0.91000 0.00665
0.05000 0.93000 0.00790
0.05000 0.95000 0.00955
0.05000 0.97000 0.01249
0.05000 0.99000 0.04001
0.05000 1.00000 1.00000

0.07000 0.00000 0.00000
0.07000 0.01000 0.00009
0.07000 0.03000 0.00009
0.07000 0.05000 0.00011
0.07000 0.07000 0.00012
0.07000 0.09000 0.00014
0.07000 0.11000 0.00016
0.07000 0.13000 0.00019
0.07000 0.15000 0.00021
0.07000 0.17000 0.00024
0.07000 0.19000 0.00026
0.07000 0.21000 0.00029
0.07000 0.23000 0.00032
0.07000 0.25000 0.00036
0.07000 0.27000 0.00039
0.07000 0.29000 0.00042
0.07000 0.31000 0.00046
0.07000 0.33000 0.00050
0.07000 0.35000 0.00054
0.07000 0.37000 0.00058
0.07000 0.39000 0.00063
0.07000 0.41000 0.00068
0.07000 0.43000 0.00073
0.07000 0.45000 0.00079
0.07000 0.47000 0.00085
0.07000 0.49000 0.00091
0.07000 0.51000 0.00098
0.07000 0.53000 0.00105
0.07000 0.55000 0.00113
0.07000 0.57000 0.00122
0.07000 0.59000 0.00131
0.07000 0.61000 0.00141
0.07000 0.63000 0.00153
0.07000 0.65000 0.00165
0.07000 0.67000 0.00178
0.07000 0.69000 0.00193
0.07000 0.71000 0.00210
0.07000 0.73000 0.00229
0.07000 0.75000 0.00250
0.07000 0.77000 0.00274
0.07000 0.79000 0.00301
0.07000 0.81000 0.00333
0.07000 0.83000 0.00370
0.07000 0.85000 0.00414
0.07000 0.87000 0.00467
0.07000 0.89000 0.00530
0.07000 0.91000 0.00607
0.07000 0.93000 0.00700
0.07000 0.95000 0.00813
0.07000 0.97000 0.00981
0.07000 0.99000 0.04446
0.07000 1.00000 1.00000

0.09000 0.00000 0.00000
0.09000 0.01000 0.00011
0.09000 0.03000 0.00012
0.09000 0.05000 0.00013
0.09000 0.07000 0.00014
0.09000 0.09000 0.00016
0.09000 0.11000 0.00018
0.09000 0.13000 0.00020
0.09000 0.15000 0.00022
0.09000 0.17000 0.00025
0.09000 0.19000 0.00027
0.09000 0.21000 0.00030
0.09000 0.23000 0.00033
0.09000 0.25000 0.00036
0.09000 0.27000 0.00039
0.09000 0.29000 0.00043
0.09000 0.31000 0.00046
0.09000 0.33000 0.00050
0.09000 0.35000 0.00054
0.09000 0.37000 0.00059
0.09000 0.39000 0.00063
0.09000 0.41000 0.00068
0.09000 0.43000 0.00073
0.09000 0.45000 0.00079
0.09000 0.47000 0.00085
0.09000 0.49000 0.00091
0.09000 0.51000 0.00098
0.09000 0.53000 0.00105
0.09000 0.55000 0.00113
0.09000 0.57000 0.00122
0.09000 0.59000 0.00131
0.09000 0.61000 0.00141
0.09000 0.63000 0.00152
0.09000 0.65000 0.00164
0.09000 0.67000 0.00177
0.09000 0.69000 0.00191
0.09000 0.71000 0.00207
0.09000 0.73000 0.00225
0.09000 0.75000 0.00245
0.09000 0.77000 0.00268
0.09000 0.79000 0.00293
0.09000 0.81000 0.00323
0.09000 0.83000 0.00356
0.09000 0.85000 0.00395
0.09000 0.87000 0.00440
0.09000 0.89000 0.00492
0.09000 0.91000 0.00552
0.09000 0.93000 0.00621
0.09000 0.95000 0.00698
0.09000 0.97000 0.00792
0.09000 0.99000 0.04714
0.09000 1.00000 1.00000

0.11000 0.00000 0.00000
0.11000 0.01000 0.00013
0.11000 0.03000 0.00014
0.11000 0.05000 0.00015
0.11000 0.07000 0.00016
0.11000 0.09000 0.00017
0.11000 0.11000 0.00019
0.11000 0.13000 0.00021
0.11000 0.15000 0.00023
0.11000 0.17000 0.00026
0.11000 0.19000 0.00028
0.11000 0.21000 0.00031
0.11000 0.23000 0.00034
0.11000 0.25000 0.00037
0.11000 0.27000 0.00040
0.11000 0.29000 0.00043
0.11000 0.31000 0.00047
0.11000 0.33000 0.00051
0.11000 0.35000 0.00055
0.11000 0.37000 0.00059
0.11000 0.39000 0.00064
0.11000 0.41000 0.00068
0.11000 0.43000 0.00074
0.11000 0.45000 0.00079
0.11000 0.47000 0.00085
0.11000 0.49000 0.00091
0.11000 0.51000 0.00098
0.11000 0.53000 0.00105
0.11000 0.55000 0.00113
0.11000 0.57000 0.00121
0.11000 0.59000 0.00130
0.11000 0.61000 0.00140
0.11000 0.63000 0.00151
0.11000 0.65000 0.00162
0.11000 0.67000 0.00175
0.11000 0.69000 0.00189
0.11000 0.71000 0.00204
0.11000 0.73000 0.00221
0.11000 0.75000 0.00240
0.11000 0.77000 0.00261
0.11000 0.79000 0.00285
0.11000 0.81000 0.00311
0.11000 0.83000 0.00341
0.11000 0.85000 0.00375
0.11000 0.87000 0.00413
0.11000 0.89000 0.00455
0.11000 0.91000 0.00502
0.11000 0.93000 0.00554
0.11000 0.95000 0.00607
0.11000 0.97000 0.00658
0.11000 0.99000 0.04889
0.11000 1.00000 1.00000

0.13000 0.00000 0.00000
0.13000 0.01000 0.00016
0.13000 0.03000 0.00016
0.13000 0.05000 0.00017
0.13000 0.07000 0.00018
0.13000 0.09000 0.00019
0.13000 0.11000 0.00021
0.13000 0.13000 0.00023
0.13000 0.15000 0.00025
0.13000 0.17000 0.00027
0.13000 0.19000 0.00030
0.13000 0.21000 0.00032
0.13000 0.23000 0.00035
0.13000 0.25000 0.00038
0.13000 0.27000 0.00041
0.13000 0.29000 0.00044
0.13000 0.31000 0.00048
0.13000 0.33000 0.00051
0.13000 0.35000 0.00055
0.13000 0.37000 0.00060
0.13000 0.39000 0.00064
0.13000 0.41000 0.00069
0.13000 0.43000 0.00074
0.13000 0.45000 0.00079
0.13000 0.47000 0.00085
0.13000 0.49000 0.00091
0.13000 0.51000 0.00098
0.13000 0.53000 0.00105
0.13000 0.55000 0.00112
0.13000 0.57000 0.00121
0.13000 0.59000 0.00130
0.13000 0.61000 0.00139
0.13000 0.63000 0.00149
0.13000 0.65000 0.00161
0.13000 0.67000 0.00173
0.13000 0.69000 0.00186
0.13000 0.71000 0.00201
0.13000 0.73000 0.00217
0.13000 0.75000 0.00235
0.13000 0.77000 0.00254
0.13000 0.79000 0.00276
0.13000 0.81000 0.00300
0.13000 0.83000 0.00326
0.13000 0.85000 0.00355
0.13000 0.87000 0.00387
0.13000 0.89000 0.00422
0.13000 0.91000 0.00459
0.13000 0.93000 0.00497
0.13000 0.95000 0.00535
0.13000 0.97000 0.00561
0.13000 0.99000 0.05010
0.13000 1.00000 1.00000

0.15000 0.00000 0.00000
0.15000 0.01000 0.00018
0.15000 0.03000 0.00018
0.15000 0.05000 0.00019
0.15000 0.07000 0.00020
0.15000 0.09000 0.00021
0.15000 0.11000 0.00023
0.15000 0.13000 0.00024
0.15000 0.15000 0.00026
0.15000 0.17000 0.00028
0.15000 0.19000 0.00031
0.15000 0.21000 0.00033
0.15000 0.23000 0.00036
0.15000 0.25000 0.00039
0.15000 0.27000 0.00042
0.15000 0.29000 0.00045
0.15000 0.31000 0.00048
0.15000 0.33000 0.00052
0.15000 0.35000 0.00056
0.15000 0.37000 0.00060
0.15000 0.39000 0.00064
0.15000 0.41000 0.00069
0.15000 0.43000 0.00074
0.15000 0.45000 0.00079
0.15000 0.47000 0.00085
0.15000 0.49000 0.00091
0.15000 0.51000 0.00098
0.15000 0.53000 0.00105
0.15000 0.55000 0.00112
0.15000 0.57000 0.00120
0.15000 0.59000 0.00129
0.15000 0.61000 0.00138
0.15000 0.63000 0.00148
0.15000 0.65000 0.00159
0.15000 0.67000 0.00171
0.15000 0.69000 0.00184
0.15000 0.71000 0.00197
0.15000 0.73000 0.00213
0.15000 0.75000 0.00229
0.15000 0.77000 0.00247
0.15000 0.79000 0.00267
0.15000 0.81000 0.00288
0.15000 0.83000 0.00311
0.15000 0.85000 0.00336
0.15000 0.87000 0.00363
0.15000 0.89000 0.00392
0.15000 0.91000 0.00421
0.15000 0.93000 0.00450
0.15000 0.95000 0.00477
0.15000 0.97000 0.00488
0.15000 0.99000 0.05097
0.15000 1.00000 1.00000

0.17000 0.00000 0.00000
0.17000 0.01000 0.00020
0.17000 0.03000 0.00020
0.17000 0.05000 0.00021
0.17000 0.07000 0.00022
0.17000 0.09000 0.00023
0.17000 0.11000 0.00024
0.17000 0.13000 0.00026
0.17000 0.15000 0.00028
0.17000 0.17000 0.00030
0.17000 0.19000 0.00032
0.17000 0.21000 0.00034
0.17000 0.23000 0.00037
0.17000 0.25000 0.00040
0.17000 0.27000 0.00043
0.17000 0.29000 0.00046
0.17000 0.31000 0.00049
0.17000 0.33000 0.00053
0.17000 0.35000 0.00057
0.17000 0.37000 0.00061
0.17000 0.39000 0.00065
0.17000 0.41000 0.00070
0.17000 0.43000 0.00074
0.17000 0.45000 0.00080
0.17000 0.47000 0.00085
0.17000 0.49000 0.00091
0.17000 0.51000 0.00098
0.17000 0.53000 0.00104
0.17000 0.55000 0.00112
0.17000 0.57000 0.00120
0.17000 0.59000 0.00128
0.17000 0.61000 0.00137
0.17000 0.63000 0.00147
0.17000 0.65000 0.00157
0.17000 0.67000 0.00169
0.17000 0.69000 0.00181
0.17000 0.71000 0.00194
0.17000 0.73000 0.00208
0.17000 0.75000 0.00223
0.17000 0.77000 0.00240
0.17000 0.79000 0.00258
0.17000 0.81000 0.00277
0.17000 0.83000 0.00297
0.17000 0.85000 0.00319
0.17000 0.87000 0.00342
0.17000 0.89000 0.00365
0.17000 0.91000 0.00389
0.17000 0.93000 0.00411
0.17000 0.95000 0.00431
0.17000 0.97000 0.00432
0.17000 0.99000 0.05162
0.17000 1.00000 1.00000

0.19000 0.00000 0.00000
0.19000 0.01000 0.00022
0.19000 0.03000 0.00022
0.19000 0.05000 0.00023
0.19000 0.07000 0.00024
0.19000 0.09000 0.00025
0.19000 0.11000 0.00026
0.19000 0.13000 0.00028
0.19000 0.15000 0.00029
0.19000 0.17000 0.00031
0.19000 0.19000 0.00033
0.19000 0.21000 0.00036
0.19000 0.23000 0.00038
0.19000 0.25000 0.00041
0.19000 0.27000 0.00044
0.19000 0.29000 0.00047
0.19000 0.31000 0.00050
0.19000 0.33000 0.00054
0.19000 0.35000 0.00057
0.19000 0.37000 0.00061
0.19000 0.39000 0.00066
0.19000 0.41000 0.00070
0.19000 0.43000 0.00075
0.19000 0.45000 0.00080
0.19000 0.47000 0.00085
0.19000 0.49000 0.00091
0.19000 0.51000 0.00098
0.19000 0.53000 0.00104
0.19000 0.55000 0.00111
0.19000 0.57000 0.00119
0.19000 0.59000 0.00127
0.19000 0.61000 0.00136
0.19000 0.63000 0.00145
0.19000 0.65000 0.00155
0.19000 0.67000 0.00166
0.19000 0.69000 0.00178
0.19000 0.71000 0.00190
0.19000 0.73000 0.00204
0.19000 0.75000 0.00218
0.19000 0.77000 0.00233
0.19000 0.79000 0.00249
0.19000 0.81000 0.00266
0.19000 0.83000 0.00284
0.19000 0.85000 0.00303
0.19000 0.87000 0.00323
0.19000 0.89000 0.00342
0.19000 0.91000 0.00361
0.19000 0.93000 0.00379
0.19000 0.95000 0.00394
0.19000 0.97000 0.00388
0.19000 0.99000 0.05212
0.19000 1.00000 1.00000

0.21000 0.00000 0.00000
0.21000 0.01000 0.00024
0.21000 0.03000 0.00024
0.21000 0.05000 0.00025
0.21000 0.07000 0.00026
0.21000 0.09000 0.00027
0.21000 0.11000 0.00028
0.21000 0.13000 0.00029
0.21000 0.15000 0.00031
0.21000 0.17000 0.00033
0.21000 0.19000 0.00035
0.21000 0.21000 0.00037
0.21000 0.23000 0.00039
0.21000 0.25000 0.00042
0.21000 0.27000 0.00045
0.21000 0.29000 0.00048
0.21000 0.31000 0.00051
0.21000 0.33000 0.00054
0.21000 0.35000 0.00058
0.21000 0.37000 0.00062
0.21000 0.39000 0.00066
0.21000 0.41000 0.00070
0.21000 0.43000 0.00075
0.21000 0.45000 0.00080
0.21000 0.47000 0.00086
0.21000 0.49000 0.00091
0.21000 0.51000 0.00098
0.21000 0.53000 0.00104
0.21000 0.55000 0.00111
0.21000 0.57000 0.00119
0.21000 0.59000 0.00126
0.21000 0.61000 0.00135
0.21000 0.63000 0.00144
0.21000 0.65000 0.00154
0.21000 0.67000 0.00164
0.21000 0.69000 0.00175
0.21000 0.71000 0.00187
0.21000 0.73000 0.00199
0.21000 0.75000 0.00212
0.21000 0.77000 0.00226
0.21000 0.79000 0.00241
0.21000 0.81000 0.00257
0.21000 0.83000 0.00273
0.21000 0.85000 0.00289
0.21000 0.87000 0.00305
0.21000 0.89000 0.00322
0.21000 0.91000 0.00337
0.21000 0.93000 0.00351
0.21000 0.95000 0.00364
0.21000 0.97000 0.00353
0.21000 0.99000 0.05252
0.21000 1.00000 1.00000

0.23000 0.00000 0.00000
0.23000 0.01000 0.00026
0.23000 0.03000 0.00026
0.23000 0.05000 0.00027
0.23000 0.07000 0.00027
0.23000 0.09000 0.00028
0.23000 0.11000 0.00029
0.23000 0.13000 0.00031
0.23000 0.15000 0.00032
0.23000 0.17000 0.00034
0.23000 0.19000 0.00036
0.23000 0.21000 0.00038
0.23000 0.23000 0.00040
0.23000 0.25000 0.00043
0.23000 0.27000 0.00046
0.23000 0.29000 0.00049
0.23000 0.31000 0.00052
0.23000 0.33000 0.00055
0.23000 0.35000 0.00059
0.23000 0.37000 0.00063
0.23000 0.39000 0.00067
0.23000 0.41000 0.00071
0.23000 0.43000 0.00076
0.23000 0.45000 0.00081
0.23000 0.47000 0.00086
0.23000 0.49000 0.00091
0.23000 0.51000 0.00097
0.23000 0.53000 0.00104
0.23000 0.55000 0.00111
0.23000 0.57000 0.00118
0.23000 0.59000 0.00126
0.23000 0.61000 0.00134
0.23000 0.63000 0.00143
0.23000 0.65000 0.00152
0.23000 0.67000 0.00162
0.23000 0.69000 0.00172
0.23000 0.71000 0.00183
0.23000 0.73000 0.00195
0.23000 0.75000 0.00207
0.23000 0.77000 0.00220
0.23000 0.79000 0.00234
0.23000 0.81000 0.00247
0.23000 0.83000 0.00262
0.23000 0.85000 0.00276
0.23000 0.87000 0.00290
0.23000 0.89000 0.00304
0.23000 0.91000 0.00317
0.23000 0.93000 0.00329
0.23000 0.95000 0.00338
0.23000 0.97000 0.00324
0.23000 0.99000 0.05284
0.23000 1.00000 1.00000

0.25000 0.00000 0.00000
0.25000 0.01000 0.00028
0.25000 0.03000 0.00028
0.25000 0.05000 0.00029
0.25000 0.07000 0.00029
0.25000 0.09000 0.00030
0.25000 0.11000 0.00031
0.25000 0.13000 0.00032
0.25000 0.15000 0.00034
0.25000 0.17000 0.00035
0.25000 0.19000 0.00037
0.25000 0.21000 0.00039
0.25000 0.23000 0.00042
0.25000 0.25000 0.00044
0.25000 0.27000 0.00047
0.25000 0.29000 0.00050
0.25000 0.31000 0.00053
0.25000 0.33000 0.00056
0.25000 0.35000 0.00059
0.25000 0.37000 0.00063
0.25000 0.39000 0.00067
0.25000 0.41000 0.00071
0.25000 0.43000 0.00076
0.25000 0.45000 0.00081
0.25000 0.47000 0.00086
0.25000 0.49000 0.00092
0.25000 0.51000 0.00097
0.25000 0.53000 0.00104
0.25000 0.55000 0.00110
0.25000 0.57000 0.00117
0.25000 0.59000 0.00125
0.25000 0.61000 0.00133
0.25000 0.63000 0.00141
0.25000 0.65000 0.00150
0.25000 0.67000 0.00160
0.25000 0.69000 0.00170
0.25000 0.71000 0.00180
0.25000 0.73000 0.00191
0.25000 0.75000 0.00202
0.25000 0.77000 0.00214
0.25000 0.79000 0.00227
0.25000 0.81000 0.00239
0.25000 0.83000 0.00252
0.25000 0.85000 0.00265
0.25000 0.87000 0.00277
0.25000 0.89000 0.00289
0.25000 0.91000 0.00300
0.25000 0.93000 0.00310
0.25000 0.95000 0.00317
0.25000 0.97000 0.00301
0.25000 0.99000 0.05309
0.25000 1.00000 1.00000

0.27000 0.00000 0.00000
0.27000 0.01000 0.00029
0.27000 0.03000 0.00030
0.27000 0.05000 0.00030
0.27000 0.07000 0.00031
0.27000 0.09000 0.00032
0.27000 0.11000 0.00033
0.27000 0.13000 0.00034
0.27000 0.15000 0.00035
0.27000 0.17000 0.00037
0.27000 0.19000 0.00039
0.27000 0.21000 0.00041
0.27000 0.23000 0.00043
0.27000 0.25000 0.00045
0.27000 0.27000 0.00048
0.27000 0.29000 0.00050
0.27000 0.31000 0.00053
0.27000 0.33000 0.00057
0.27000 0.35000 0.00060
0.27000 0.37000 0.00064
0.27000 0.39000 0.00068
0.27000 0.41000 0.00072
0.27000 0.43000 0.00076
0.27000 0.45000 0.00081
0.27000 0.47000 0.00086
0.27000 0.49000 0.00092
0.27000 0.51000 0.00097
0.27000 0.53000 0.00104
0.27000 0.55000 0.00110
0.27000 0.57000 0.00117
0.27000 0.59000 0.00124
0.27000 0.61000 0.00132
0.27000 0.63000 0.00140
0.27000 0.65000 0.00149
0.27000 0.67000 0.00158
0.27000 0.69000 0.00167
0.27000 0.71000 0.00177
0.27000 0.73000 0.00187
0.27000 0.75000 0.00198
0.27000 0.77000 0.00209
0.27000 0.79000 0.00220
0.27000 0.81000 0.00232
0.27000 0.83000 0.00243
0.27000 0.85000 0.00254
0.27000 0.87000 0.00265
0.27000 0.89000 0.00276
0.27000 0.91000 0.00285
0.27000 0.93000 0.00293
0.27000 0.95000 0.00300
0.27000 0.97000 0.00282
0.27000 0.99000 0.05331
0.27000 1.00000 1.00000

0.29000 0.00000 0.00000
0.29000 0.01000 0.00031
0.29000 0.03000 0.00031
0.29000 0.05000 0.00032
0.29000 0.07000 0.00032
0.29000 0.09000 0.00033
0.29000 0.11000 0.00034
0.29000 0.13000 0.00035
0.29000 0.15000 0.00037
0.29000 0.17000 0.00038
0.29000 0.19000 0.00040
0.29000 0.21000 0.00042
0.29000 0.23000 0.00044
0.29000 0.25000 0.00046
0.29000 0.27000 0.00049
0.29000 0.29000 0.00051
0.29000 0.31000 0.00054
0.29000 0.33000 0.00057
0.29000 0.35000 0.00061
0.29000 0.37000 0.00064
0.29000 0.39000 0.00068
0.29000 0.41000 0.00072
0.29000 0.43000 0.00077
0.29000 0.45000 0.00081
0.29000 0.47000 0.00086
0.29000 0.49000 0.00092
0.29000 0.51000 0.00097
0.29000 0.53000 0.00103
0.29000 0.55000 0.00110
0.29000 0.57000 0.00116
0.29000 0.59000 0.00123
0.29000 0.61000 0.00131
0.29000 0.63000 0.00139
0.29000 0.65000 0.00147
0.29000 0.67000 0.00156
0.29000 0.69000 0.00165
0.29000 0.71000 0.00174
0.29000 0.73000 0.00184
0.29000 0.75000 0.00194
0.29000 0.77000 0.00204
0.29000 0.79000 0.00215
0.29000 0.81000 0.00225
0.29000 0.83000 0.00235
0.29000 0.85000 0.00246
0.29000 0.87000 0.00255
0.29000 0.89000 0.00264
0.29000 0.91000 0.00273
0.29000 0.93000 0.00280
0.29000 0.95000 0.00285
0.29000 0.97000 0.00265
0.29000 0.99000 0.05348
0.29000 1.00000 1.00000

0.31000 0.00000 0.00000
0.31000 0.01000 0.00032
0.31000 0.03000 0.00033
0.31000 0.05000 0.00033
0.31000 0.07000 0.00034
0.31000 0.09000 0.00034
0.31000 0.11000 0.00035
0.31000 0.13000 0.00036
0.31000 0.15000 0.00038
0.31000 0.17000 0.00039
0.31000 0.19000 0.00041
0.31000 0.21000 0.00043
0.31000 0.23000 0.00045
0.31000 0.25000 0.00047
0.31000 0.27000 0.00049
0.31000 0.29000 0.00052
0.31000 0.31000 0.00055
0.31000 0.33000 0.00058
0.31000 0.35000 0.00061
0.31000 0.37000 0.00065
0.31000 0.39000 0.00069
0.31000 0.41000 0.00073
0.31000 0.43000 0.00077
0.31000 0.45000 0.00082
0.31000 0.47000 0.00087
0.31000 0.49000 0.00092
0.31000 0.51000 0.00097
0.31000 0.53000 0.00103
0.31000 0.55000 0.00109
0.31000 0.57000 0.00116
0.31000 0.59000 0.00123
0.31000 0.61000 0.00130
0.31000 0.63000 0.00138
0.31000 0.65000 0.00146
0.31000 0.67000 0.00154
0.31000 0.69000 0.00163
0.31000 0.71000 0.00171
0.31000 0.73000 0.00181
0.31000 0.75000 0.00190
0.31000 0.77000 0.00200
0.31000 0.79000 0.00209
0.31000 0.81000 0.00219
0.31000 0.83000 0.00229
0.31000 0.85000 0.00238
0.31000 0.87000 0.00247
0.31000 0.89000 0.00255
0.31000 0.91000 0.00262
0.31000 0.93000 0.00268
0.31000 0.95000 0.00273
0.31000 0.97000 0.00252
0.31000 0.99000 0.05363
0.31000 1.00000 1.00000

0.33000 0.00000 0.00000
0.33000 0.01000 0.00034
0.33000 0.03000 0.00034
0.33000 0.05000 0.00034
0.33000 0.07000 0.00035
0.33000 0.09000 0.00036
0.33000 0.11000 0.00037
0.33000 0.13000 0.00038
0.33000 0.15000 0.00039
0.33000 0.17000 0.00040
0.33000 0.19000 0.00042
0.33000 0.21000 0.00044
0.33000 0.23000 0.00046
0.33000 0.25000 0.00048
0.33000 0.27000 0.00050
0.33000 0.29000 0.00053
0.33000 0.31000 0.00056
0.33000 0.33000 0.00059
0.33000 0.35000 0.00062
0.33000 0.37000 0.00065
0.33000 0.39000 0.00069
0.33000 0.41000 0.00073
0.33000 0.43000 0.00077
0.33000 0.45000 0.00082
0.33000 0.47000 0.00087
0.33000 0.49000 0.00092
0.33000 0.51000 0.00097
0.33000 0.53000 0.00103
0.33000 0.55000 0.00109
0.33000 0.57000 0.00115
0.33000 0.59000 0.00122
0.33000 0.61000 0.00129
0.33000 0.63000 0.00137
0.33000 0.65000 0.00144
0.33000 0.67000 0.00152
0.33000 0.69000 0.00161
0.33000 0.71000 0.00169
0.33000 0.73000 0.00178
0.33000 0.75000 0.00187
0.33000 0.77000 0.00196
0.33000 0.79000 0.00205
0.33000 0.81000 0.00214
0.33000 0.83000 0.00223
0.33000 0.85000 0.00231
0.33000 0.87000 0.00239
0.33000 0.89000 0.00246
0.33000 0.91000 0.00253
0.33000 0.93000 0.00258
0.33000 0.95000 0.00263
0.33000 0.97000 0.00241
0.33000 0.99000 0.05375
0.33000 1.00000 1.00000

0.35000 0.00000 0.00000
0.35000 0.01000 0.00035
0.35000 0.03000 0.00035
0.35000 0.05000 0.00036
0.35000 0.07000 0.00036
0.35000 0.09000 0.00037
0.35000 0.11000 0.00038
0.35000 0.13000 0.00039
0.35000 0.15000 0.00040
0.35000 0.17000 0.00041
0.35000 0.19000 0.00043
0.35000 0.21000 0.00045
0.35000 0.23000 0.00047
0.35000 0.25000 0.00049
0.35000 0.27000 0.00051
0.35000 0.29000 0.00054
0.35000 0.31000 0.00056
0.35000 0.33000 0.00059
0.35000 0.35000 0.00063
0.35000 0.37000 0.00066
0.35000 0.39000 0.00070
0.35000 0.41000 0.00074
0.35000 0.43000 0.00078
0.35000 0.45000 0.00082
0.35000 0.47000 0.00087
0.35000 0.49000 0.00092
0.35000 0.51000 0.00097
0.35000 0.53000 0.00103
0.35000 0.55000 0.00109
0.35000 0.57000 0.00115
0.35000 0.59000 0.00122
0.35000 0.61000 0.00128
0.35000 0.63000 0.00136
0.35000 0.65000 0.00143
0.35000 0.67000 0.00151
0.35000 0.69000 0.00159
0.35000 0.71000 0.00167
0.35000 0.73000 0.00175
0.35000 0.75000 0.00184
0.35000 0.77000 0.00192
0.35000 0.79000 0.00201
0.35000 0.81000 0.00209
0.35000 0.83000 0.00217
0.35000 0.85000 0.00225
0.35000 0.87000 0.00232
0.35000 0.89000 0.00239
0.35000 0.91000 0.00245
0.35000 0.93000 0.00250
0.35000 0.95000 0.00254
0.35000 0.97000 0.00231
0.35000 0.99000 0.05386
0.35000 1.00000 1.00000

0.37000 0.00000 0.00000
0.37000 0.01000 0.00036
0.37000 0.03000 0.00036
0.37000 0.05000 0.00037
0.37000 0.07000 0.00037
0.37000 0.09000 0.00038
0.37000 0.11000 0.00039
0.37000 0.13000 0.00040
0.37000 0.15000 0.00041
0.37000 0.17000 0.00042
0.37000 0.19000 0.00044
0.37000 0.21000 0.00045
0.37000 0.23000 0.00047
0.37000 0.25000 0.00049
0.37000 0.27000 0.00052
0.37000 0.29000 0.00054
0.37000 0.31000 0.00057
0.37000 0.33000 0.00060
0.37000 0.35000 0.00063
0.37000 0.37000 0.00066
0.37000 0.39000 0.00070
0.37000 0.41000 0.00074
0.37000 0.43000 0.00078
0.37000 0.45000 0.00082
0.37000 0.47000 0.00087
0.37000 0.49000 0.00092
0.37000 0.51000 0.00097
0.37000 0.53000 0.00103
0.37000 0.55000 0.00109
0.37000 0.57000 0.00115
0.37000 0.59000 0.00121
0.37000 0.61000 0.00128
0.37000 0.63000 0.00135
0.37000 0.65000 0.00142
0.37000 0.67000 0.00150
0.37000 0.69000 0.00157
0.37000 0.71000 0.00165
0.37000 0.73000 0.00173
0.37000 0.75000 0.00181
0.37000 0.77000 0.00189
0.37000 0.79000 0.00197
0.37000 0.81000 0.00205
0.37000 0.83000 0.00213
0.37000 0.85000 0.00220
0.37000 0.87000 0.00227
0.37000 0.89000 0.00233
0.37000 0.91000 0.00239
0.37000 0.93000 0.00243
0.37000 0.95000 0.00247
0.37000 0.97000 0.00223
0.37000 0.99000 0.05394
0.37000 1.00000 1.00000

0.39000 0.00000 0.00000
0.39000 0.01000 0.00037
0.39000 0.03000 0.00037
0.39000 0.05000 0.00037
0.39000 0.07000 0.00038
0.39000 0.09000 0.00039
0.39000 0.11000 0.00039
0.39000 0.13000 0.00040
0.39000 0.15000 0.00042
0.39000 0.17000 0.00043
0.39000 0.19000 0.00044
0.39000 0.21000 0.00046
0.39000 0.23000 0.00048
0.39000 0.25000 0.00050
0.39000 0.27000 0.00052
0.39000 0.29000 0.00055
0.39000 0.31000 0.00057
0.39000 0.33000 0.00060
0.39000 0.35000 0.00063
0.39000 0.37000 0.00067
0.39000 0.39000 0.00070
0.39000 0.41000 0.00074
0.39000 0.43000 0.00078
0.39000 0.45000 0.00083
0.39000 0.47000 0.00087
0.39000 0.49000 0.00092
0.39000 0.51000 0.00097
0.39000 0.53000 0.00103
0.39000 0.55000 0.00108
0.39000 0.57000 0.00114
0.39000 0.59000 0.00121
0.39000 0.61000 0.00127
0.39000 0.63000 0.00134
0.39000 0.65000 0.00141
0.39000 0.67000 0.00148
0.39000 0.69000 0.00156
0.39000 0.71000 0.00164
0.39000 0.73000 0.00171
0.39000 0.75000 0.00179
0.39000 0.77000 0.00187
0.39000 0.79000 0.00195
0.39000 0.81000 0.00202
0.39000 0.83000 0.00209
0.39000 0.85000 0.00216
0.39000 0.87000 0.00222
0.39000 0.89000 0.00228
0.39000 0.91000 0.00233
0.39000 0.93000 0.00237
0.39000 0.95000 0.00241
0.39000 0.97000 0.00217
0.39000 0.99000 0.05401
0.39000 1.00000 1.00000

0.41000 0.00000 0.00000
0.41000 0.01000 0.00037
0.41000 0.03000 0.00038
0.41000 0.05000 0.00038
0.41000 0.07000 0.00039
0.41000 0.09000 0.00039
0.41000 0.11000 0.00040
0.41000 0.13000 0.00041
0.41000 0.15000 0.00042
0.41000 0.17000 0.00044
0.41000 0.19000 0.00045
0.41000 0.21000 0.00047
0.41000 0.23000 0.00049
0.41000 0.25000 0.00051
0.41000 0.27000 0.00053
0.41000 0.29000 0.00055
0.41000 0.31000 0.00058
0.41000 0.33000 0.00061
0.41000 0.35000 0.00064
0.41000 0.37000 0.00067
0.41000 0.39000 0.00071
0.41000 0.41000 0.00074
0.41000 0.43000 0.00078
0.41000 0.45000 0.00083
0.41000 0.47000 0.00087
0.41000 0.49000 0.00092
0.41000 0.51000 0.00097
0.41000 0.53000 0.00103
0.41000 0.55000 0.00108
0.41000 0.57000 0.00114
0.41000 0.59000 0.00120
0.41000 0.61000 0.00127
0.41000 0.63000 0.00133
0.41000 0.65000 0.00140
0.41000 0.67000 0.00147
0.41000 0.69000 0.00155
0.41000 0.71000 0.00162
0.41000 0.73000 0.00170
0.41000 0.75000 0.00177
0.41000 0.77000 0.00185
0.41000 0.79000 0.00192
0.41000 0.81000 0.00199
0.41000 0.83000 0.00206
0.41000 0.85000 0.00213
0.41000 0.87000 0.00219
0.41000 0.89000 0.00224
0.41000 0.91000 0.00229
0.41000 0.93000 0.00233
0.41000 0.95000 0.00236
0.41000 0.97000 0.00212
0.41000 0.99000 0.05407
0.41000 1.00000 1.00000

0.43000 0.00000 0.00000
0.43000 0.01000 0.00038
0.43000 0.03000 0.00038
0.43000 0.05000 0.00039
0.43000 0.07000 0.00039
0.43000 0.09000 0.00040
0.43000 0.11000 0.00041
0.43000 0.13000 0.00042
0.43000 0.15000 0.00043
0.43000 0.17000 0.00044
0.43000 0.19000 0.00046
0.43000 0.21000 0.00047
0.43000 0.23000 0.00049
0.43000 0.25000 0.00051
0.43000 0.27000 0.00053
0.43000 0.29000 0.00056
0.43000 0.31000 0.00058
0.43000 0.33000 0.00061
0.43000 0.35000 0.00064
0.43000 0.37000 0.00067
0.43000 0.39000 0.00071
0.43000 0.41000 0.00075
0.43000 0.43000 0.00079
0.43000 0.45000 0.00083
0.43000 0.47000 0.00087
0.43000 0.49000 0.00092
0.43000 0.51000 0.00097
0.43000 0.53000 0.00103
0.43000 0.55000 0.00108
0.43000 0.57000 0.00114
0.43000 0.59000 0.00120
0.43000 0.61000 0.00126
0.43000 0.63000 0.00133
0.43000 0.65000 0.00140
0.43000 0.67000 0.00147
0.43000 0.69000 0.00154
0.43000 0.71000 0.00161
0.43000 0.73000 0.00168
0.43000 0.75000 0.00176
0.43000 0.77000 0.00183
0.43000 0.79000 0.00190
0.43000 0.81000 0.00197
0.43000 0.83000 0.00204
0.43000 0.85000 0.00210
0.43000 0.87000 0.00216
0.43000 0.89000 0.00221
0.43000 0.91000 0.00225
0.43000 0.93000 0.00229
0.43000 0.95000 0.00232
0.43000 0.97000 0.00207
0.43000 0.99000 0.05412
0.43000 1.00000 1.00000

0.45000 0.00000 0.00000
0.45000 0.01000 0.00038
0.45000 0.03000 0.00039
0.45000 0.05000 0.00039
0.45000 0.07000 0.00040
0.45000 0.09000 0.00040
0.45000 0.11000 0.00041
0.45000 0.13000 0.00042
0.45000 0.15000 0.00043
0.45000 0.17000 0.00044
0.45000 0.19000 0.00046
0.45000 0.21000 0.00048
0.45000 0.23000 0.00049
0.45000 0.25000 0.00051
0.45000 0.27000 0.00054
0.45000 0.29000 0.00056
0.45000 0.31000 0.00059
0.45000 0.33000 0.00061
0.45000 0.35000 0.00064
0.45000 0.37000 0.00068
0.45000 0.39000 0.00071
0.45000 0.41000 0.00075
0.45000 0.43000 0.00079
0.45000 0.45000 0.00083
0.45000 0.47000 0.00087
0.45000 0.49000 0.00092
0.45000 0.51000 0.00097
0.45000 0.53000 0.00102
0.45000 0.55000 0.00108
0.45000 0.57000 0.00114
0.45000 0.59000 0.00120
0.45000 0.61000 0.00126
0.45000 0.63000 0.00133
0.45000 0.65000 0.00139
0.45000 0.67000 0.00146
0.45000 0.69000 0.00153
0.45000 0.71000 0.00160
0.45000 0.73000 0.00168
0.45000 0.75000 0.00175
0.45000 0.77000 0.00182
0.45000 0.79000 0.00189
0.45000 0.81000 0.00196
0.45000 0.83000 0.00202
0.45000 0.85000 0.00208
0.45000 0.87000 0.00214
0.45000 0.89000 0.00219
0.45000 0.91000 0.00223
0.45000 0.93000 0.00227
0.45000 0.95000 0.00229
0.45000 0.97000 0.00204
0.45000 0.99000 0.05415
0.45000 1.00000 1.00000

0.47000 0.00000 0.00000
0.47000 0.01000 0.00039
0.47000 0.03000 0.00039
0.47000 0.05000 0.00040
0.47000 0.07000 0.00040
0.47000 0.09000 0.00041
0.47000 0.11000 0.00041
0.47000 0.13000 0.00042
0.47000 0.15000 0.00043
0.47000 0.17000 0.00045
0.47000 0.19000 0.00046
0.47000 0.21000 0.00048
0.47000 0.23000 0.00050
0.47000 0.25000 0.00052
0.47000 0.27000 0.00054
0.47000 0.29000 0.00056
0.47000 0.31000 0.00059
0.47000 0.33000 0.00061
0.47000 0.35000 0.00064
0.47000 0.37000 0.00068
0.47000 0.39000 0.00071
0.47000 0.41000 0.00075
0.47000 0.43000 0.00079
0.47000 0.45000 0.00083
0.47000 0.47000 0.00088
0.47000 0.49000 0.00092
0.47000 0.51000 0.00097
0.47000 0.53000 0.00102
0.47000 0.55000 0.00108
0.47000 0.57000 0.00114
0.47000 0.59000 0.00120
0.47000 0.61000 0.00126
0.47000 0.63000 0.00132
0.47000 0.65000 0.00139
0.47000 0.67000 0.00146
0.47000 0.69000 0.00153
0.47000 0.71000 0.00160
0.47000 0.73000 0.00167
0.47000 0.75000 0.00174
0.47000 0.77000 0.00181
0.47000 0.79000 0.00188
0.47000 0.81000 0.00195
0.47000 0.83000 0.00201
0.47000 0.85000 0.00207
0.47000 0.87000 0.00212
0.47000 0.89000 0.00217
0.47000 0.91000 0.00221
0.47000 0.93000 0.00225
0.47000 0.95000 0.00227
0.47000 0.97000 0.00202
0.47000 0.99000 0.05418
0.47000 1.00000 1.00000

0.49000 0.00000 0.00000
0.49000 0.01000 0.00039
0.49000 0.03000 0.00039
0.49000 0.05000 0.00040
0.49000 0.07000 0.00040
0.49000 0.09000 0.00041
0.49000 0.11000 0.00042
0.49000 0.13000 0.00043
0.49000 0.15000 0.00044
0.49000 0.17000 0.00045
0.49000 0.19000 0.00046
0.49000 0.21000 0.00048
0.49000 0.23000 0.00050
0.49000 0.25000 0.00052
0.49000 0.27000 0.00054
0.49000 0.29000 0.00056
0.49000 0.31000 0.00059
0.49000 0.33000 0.00062
0.49000 0.35000 0.00065
0.49000 0.37000 0.00068
0.49000 0.39000 0.00071
0.49000 0.41000 0.00075
0.49000 0.43000 0.00079
0.49000 0.45000 0.00083
0.49000 0.47000 0.00088
0.49000 0.49000 0.00092
0.49000 0.51000 0.00097
0.49000 0.53000 0.00102
0.49000 0.55000 0.00108
0.49000 0.57000 0.00114
0.49000 0.59000 0.00120
0.49000 0.61000 0.00126
0.49000 0.63000 0.00132
0.49000 0.65000 0.00139
0.49000 0.67000 0.00146
0.49000 0.69000 0.00153
0.49000 0.71000 0.00160
0.49000 0.73000 0.00167
0.49000 0.75000 0.00174
0.49000 0.77000 0.00181
0.49000 0.79000 0.00187
0.49000 0.81000 0.00194
0.49000 0.83000 0.00200
0.49000 0.85000 0.00206
0.49000 0.87000 0.00211
0.49000 0.89000 0.00216
0.49000 0.91000 0.00220
0.49000 0.93000 0.00224
0.49000 0.95000 0.00226
0.49000 0.97000 0.00201
0.49000 0.99000 0.05420
0.49000 1.00000 1.00000

0.51000 0.00000 0.00000
0.51000 0.01000 0.00039
0.51000 0.03000 0.00039
0.51000 0.05000 0.00040
0.51000 0.07000 0.00040
0.51000 0.09000 0.00041
0.51000 0.11000 0.00042
0.51000 0.13000 0.00043
0.51000 0.15000 0.00044
0.51000 0.17000 0.00045
0.51000 0.19000 0.00046
0.51000 0.21000 0.00048
0.51000 0.23000 0.00050
0.51000 0.25000 0.00052
0.51000 0.27000 0.00054
0.51000 0.29000 0.00056
0.51000 0.31000 0.00059
0.51000 0.33000 0.00062
0.51000 0.35000 0.00065
0.51000 0.37000 0.00068
0.51000 0.39000 0.00071
0.51000 0.41000 0.00075
0.51000 0.43000 0.00079
0.51000 0.45000 0.00083
0.51000 0.47000 0.00088
0.51000 0.49000 0.00092
0.51000 0.51000 0.00097
0.51000 0.53000 0.00102
0.51000 0.55000 0.00108
0.51000 0.57000 0.00114
0.51000 0.59000 0.00120
0.51000 0.61000 0.00126
0.51000 0.63000 0.00132
0.51000 0.65000 0.00139
0.51000 0.67000 0.00146
0.51000 0.69000 0.00153
0.51000 0.71000 0.00160
0.51000 0.73000 0.00167
0.51000 0.75000 0.00174
0.51000 0.77000 0.00181
0.51000 0.79000 0.00187
0.51000 0.81000 0.00194
0.51000 0.83000 0.00200
0.51000 0.85000 0.00206
0.51000 0.87000 0.00211
0.51000 0.89000 0.00216
0.51000 0.91000 0.00220
0.51000 0.93000 0.00224
0.51000 0.95000 0.00226
0.51000 0.97000 0.00201
0.51000 0.99000 0.05420
0.51000 1.00000 1.00000

0.53000 0.00000 0.00000
0.53000 0.01000 0.00039
0.53000 0.03000 0.00039
0.53000 0.05000 0.00040
0.53000 0.07000 0.00040
0.53000 0.09000 0.00041
0.53000 0.11000 0.00041
0.53000 0.13000 0.00042
0.53000 0.15000 0.00043
0.53000 0.17000 0.00045
0.53000 0.19000 0.00046
0.53000 0.21000 0.00048
0.53000 0.23000 0.00050
0.53000 0.25000 0.00052
0.53000 0.27000 0.00054
0.53000 0.29000 0.00056
0.53000 0.31000 0.00059
0.53000 0.33000 0.00062
0.53000 0.35000 0.00065
0.53000 0.37000 0.00068
0.53000 0.39000 0.00071
0.53000 0.41000 0.00075
0.53000 0.43000 0.00079
0.53000 0.45000 0.00083
0.53000 0.47000 0.00088
0.53000 0.49000 0.00092
0.53000 0.51000 0.00097
0.53000 0.53000 0.00103
0.53000 0.55000 0.00108
0.53000 0.57000 0.00114
0.53000 0.59000 0.00120
0.53000 0.61000 0.00126
0.53000 0.63000 0.00132
0.53000 0.65000 0.00139
0.53000 0.67000 0.00146
0.53000 0.69000 0.00153
0.53000 0.71000 0.00160
0.53000 0.73000 0.00167
0.53000 0.75000 0.00174
0.53000 0.77000 0.00181
0.53000 0.79000 0.00188
0.53000 0.81000 0.00195
0.53000 0.83000 0.00201
0.53000 0.85000 0.00207
0.53000 0.87000 0.00212
0.53000 0.89000 0.00217
0.53000 0.91000 0.00221
0.53000 0.93000 0.00224
0.53000 0.95000 0.00227
0.53000 0.97000 0.00201
0.53000 0.99000 0.05420
0.53000 1.00000 1.00000

0.55000 0.00000 0.00000
0.55000 0.01000 0.00038
0.55000 0.03000 0.00039
0.55000 0.05000 0.00039
0.55000 0.07000 0.00040
0.55000 0.09000 0.00040
0.55000 0.11000 0.00041
0.55000 0.13000 0.00042
0.55000 0.15000 0.00043
0.55000 0.17000 0.00044
0.55000 0.19000 0.00046
0.55000 0.21000 0.00048
0.55000 0.23000 0.00049
0.55000 0.25000 0.00051
0.55000 0.27000 0.00054
0.55000 0.29000 0.00056
0.55000 0.31000 0.00059
0.55000 0.33000 0.00061
0.55000 0.35000 0.00064
0.55000 0.37000 0.00068
0.55000 0.39000 0.00071
0.55000 0.41000 0.00075
0.55000 0.43000 0.00079
0.55000 0.45000 0.00083
0.55000 0.47000 0.00088
0.55000 0.49000 0.00092
0.55000 0.51000 0.00097
0.55000 0.53000 0.00103
0.55000 0.55000 0.00108
0.55000 0.57000 0.00114
0.55000 0.59000 0.00120
0.55000 0.61000 0.00126
0.55000 0.63000 0.00133
0.55000 0.65000 0.00140
0.55000 0.67000 0.00146
0.55000 0.69000 0.00153
0.55000 0.71000 0.00161
0.55000 0.73000 0.00168
0.55000 0.75000 0.00175
0.55000 0.77000 0.00182
0.55000 0.79000 0.00189
0.55000 0.81000 0.00196
0.55000 0.83000 0.00202
0.55000 0.85000 0.00208
0.55000 0.87000 0.00213
0.55000 0.89000 0.00218
0.55000 0.91000 0.00223
0.55000 0.93000 0.00226
0.55000 0.95000 0.00229
0.55000 0.97000 0.00203
0.55000 0.99000 0.05419
0.55000 1.00000 1.00000

0.57000 0.00000 0.00000
0.57000 0.01000 0.00038
0.57000 0.03000 0.00039
0.57000 0.05000 0.00039
0.57000 0.07000 0.00039
0.57000 0.09000 0.00040
0.57000 0.11000 0.00041
0.57000 0.13000 0.00042
0.57000 0.15000 0.00043
0.57000 0.17000 0.00044
0.57000 0.19000 0.00046
0.57000 0.21000 0.00047
0.57000 0.23000 0.00049
0.57000 0.25000 0.00051
0.57000 0.27000 0.00053
0.57000 0.29000 0.00056
0.57000 0.31000 0.00058
0.57000 0.33000 0.00061
0.57000 0.35000 0.00064
0.57000 0.37000 0.00067
0.57000 0.39000 0.00071
0.57000 0.41000 0.00075
0.57000 0.43000 0.00079
0.57000 0.45000 0.00083
0.57000 0.47000 0.00088
0.57000 0.49000 0.00092
0.57000 0.51000 0.00097
0.57000 0.53000 0.00103
0.57000 0.55000 0.00108
0.57000 0.57000 0.00114
0.57000 0.59000 0.00120
0.57000 0.61000 0.00127
0.57000 0.63000 0.00133
0.57000 0.65000 0.00140
0.57000 0.67000 0.00147
0.57000 0.69000 0.00154
0.57000 0.71000 0.00161
0.57000 0.73000 0.00169
0.57000 0.75000 0.00176
0.57000 0.77000 0.00183
0.57000 0.79000 0.00190
0.57000 0.81000 0.00197
0.57000 0.83000 0.00204
0.57000 0.85000 0.00210
0.57000 0.87000 0.00216
0.57000 0.89000 0.00221
0.57000 0.91000 0.00225
0.57000 0.93000 0.00229
0.57000 0.95000 0.00231
0.57000 0.97000 0.00205
0.57000 0.99000 0.05417
0.57000 1.00000 1.00000

0.59000 0.00000 0.00000
0.59000 0.01000 0.00037
0.59000 0.03000 0.00038
0.59000 0.05000 0.00038
0.59000 0.07000 0.00039
0.59000 0.09000 0.00039
0.59000 0.11000 0.00040
0.59000 0.13000 0.00041
0.59000 0.15000 0.00042
0.59000 0.17000 0.00044
0.59000 0.19000 0.00045
0.59000 0.21000 0.00047
0.59000 0.23000 0.00049
0.59000 0.25000 0.00051
0.59000 0.27000 0.00053
0.59000 0.29000 0.00055
0.59000 0.31000 0.00058
0.59000 0.33000 0.00061
0.59000 0.35000 0.00064
0.59000 0.37000 0.00067
0.59000 0.39000 0.00071
0.59000 0.41000 0.00075
0.59000 0.43000 0.00079
0.59000 0.45000 0.00083
0.59000 0.47000 0.00087
0.59000 0.49000 0.00092
0.59000 0.51000 0.00097
0.59000 0.53000 0.00103
0.59000 0.55000 0.00108
0.59000 0.57000 0.00114
0.59000 0.59000 0.00121
0.59000 0.61000 0.00127
0.59000 0.63000 0.00134
0.59000 0.65000 0.00141
0.59000 0.67000 0.00148
0.59000 0.69000 0.00155
0.59000 0.71000 0.00163
0.59000 0.73000 0.00170
0.59000 0.75000 0.00178
0.59000 0.77000 0.00185
0.59000 0.79000 0.00192
0.59000 0.81000 0.00199
0.59000 0.83000 0.00206
0.59000 0.85000 0.00213
0.59000 0.87000 0.00218
0.59000 0.89000 0.00224
0.59000 0.91000 0.00228
0.59000 0.93000 0.00232
0.59000 0.95000 0.00235
0.59000 0.97000 0.00208
0.59000 0.99000 0.05415
0.59000 1.00000 1.00000

0.61000 0.00000 0.00000
0.61000 0.01000 0.00037
0.61000 0.03000 0.00037
0.61000 0.05000 0.00038
0.61000 0.07000 0.00038
0.61000 0.09000 0.00039
0.61000 0.11000 0.00039
0.61000 0.13000 0.00040
0.61000 0.15000 0.00042
0.61000 0.17000 0.00043
0.61000 0.19000 0.00044
0.61000 0.21000 0.00046
0.61000 0.23000 0.00048
0.61000 0.25000 0.00050
0.61000 0.27000 0.00052
0.61000 0.29000 0.00055
0.61000 0.31000 0.00058
0.61000 0.33000 0.00060
0.61000 0.35000 0.00064
0.61000 0.37000 0.00067
0.61000 0.39000 0.00070
0.61000 0.41000 0.00074
0.61000 0.43000 0.00078
0.61000 0.45000 0.00083
0.61000 0.47000 0.00087
0.61000 0.49000 0.00092
0.61000 0.51000 0.00097
0.61000 0.53000 0.00103
0.61000 0.55000 0.00109
0.61000 0.57000 0.00115
0.61000 0.59000 0.00121
0.61000 0.61000 0.00128
0.61000 0.63000 0.00134
0.61000 0.65000 0.00142
0.61000 0.67000 0.00149
0.61000 0.69000 0.00156
0.61000 0.71000 0.00164
0.61000 0.73000 0.00172
0.61000 0.75000 0.00179
0.61000 0.77000 0.00187
0.61000 0.79000 0.00195
0.61000 0.81000 0.00202
0.61000 0.83000 0.00209
0.61000 0.85000 0.00216
0.61000 0.87000 0.00222
0.61000 0.89000 0.00228
0.61000 0.91000 0.00232
0.61000 0.93000 0.00236
0.61000 0.95000 0.00239
0.61000 0.97000 0.00213
0.61000 0.99000 0.05411
0.61000 1.00000 1.00000

0.63000 0.00000 0.00000
0.63000 0.01000 0.00036
0.63000 0.03000 0.00036
0.63000 0.05000 0.00037
0.63000 0.07000 0.00037
0.63000 0.09000 0.00038
0.63000 0.11000 0.00039
0.63000 0.13000 0.00040
0.63000 0.15000 0.00041
0.63000 0.17000 0.00042
0.63000 0.19000 0.00044
0.63000 0.21000 0.00045
0.63000 0.23000 0.00047
0.63000 0.25000 0.00050
0.63000 0.27000 0.00052
0.63000 0.29000 0.00054
0.63000 0.31000 0.00057
0.63000 0.33000 0.00060
0.63000 0.35000 0.00063
0.63000 0.37000 0.00067
0.63000 0.39000 0.00070
0.63000 0.41000 0.00074
0.63000 0.43000 0.00078
0.63000 0.45000 0.00083
0.63000 0.47000 0.00087
0.63000 0.49000 0.00092
0.63000 0.51000 0.00098
0.63000 0.53000 0.00103
0.63000 0.55000 0.00109
0.63000 0.57000 0.00115
0.63000 0.59000 0.00121
0.63000 0.61000 0.00128
0.63000 0.63000 0.00135
0.63000 0.65000 0.00143
0.63000 0.67000 0.00150
0.63000 0.69000 0.00158
0.63000 0.71000 0.00166
0.63000 0.73000 0.00174
0.63000 0.75000 0.00182
0.63000 0.77000 0.00190
0.63000 0.79000 0.00198
0.63000 0.81000 0.00205
0.63000 0.83000 0.00213
0.63000 0.85000 0.00220
0.63000 0.87000 0.00227
0.63000 0.89000 0.00232
0.63000 0.91000 0.00238
0.63000 0.93000 0.00242
0.63000 0.95000 0.00245
0.63000 0.97000 0.00218
0.63000 0.99000 0.05406
0.63000 1.00000 1.00000

0.65000 0.00000 0.00000
0.65000 0.01000 0.00035
0.65000 0.03000 0.00035
0.65000 0.05000 0.00036
0.65000 0.07000 0.00036
0.65000 0.09000 0.00037
0.65000 0.11000 0.00038
0.65000 0.13000 0.00039
0.65000 0.15000 0.00040
0.65000 0.17000 0.00041
0.65000 0.19000 0.00043
0.65000 0.21000 0.00045
0.65000 0.23000 0.00047
0.65000 0.25000 0.00049
0.65000 0.27000 0.00051
0.65000 0.29000 0.00054
0.65000 0.31000 0.00056
0.65000 0.33000 0.00059
0.65000 0.35000 0.00063
0.65000 0.37000 0.00066
0.65000 0.39000 0.00070
0.65000 0.41000 0.00074
0.65000 0.43000 0.00078
0.65000 0.45000 0.00082
0.65000 0.47000 0.00087
0.65000 0.49000 0.00092
0.65000 0.51000 0.00098
0.65000 0.53000 0.00103
0.65000 0.55000 0.00109
0.65000 0.57000 0.00115
0.65000 0.59000 0.00122
0.65000 0.61000 0.00129
0.65000 0.63000 0.00136
0.65000 0.65000 0.00144
0.65000 0.67000 0.00151
0.65000 0.69000 0.00159
0.65000 0.71000 0.00168
0.65000 0.73000 0.00176
0.65000 0.75000 0.00184
0.65000 0.77000 0.00193
0.65000 0.79000 0.00201
0.65000 0.81000 0.00209
0.65000 0.83000 0.00217
0.65000 0.85000 0.00225
0.65000 0.87000 0.00232
0.65000 0.89000 0.00238
0.65000 0.91000 0.00244
0.65000 0.93000 0.00248
0.65000 0.95000 0.00252
0.65000 0.97000 0.00225
0.65000 0.99000 0.05400
0.65000 1.00000 1.00000

0.67000 0.00000 0.00000
0.67000 0.01000 0.00034
0.67000 0.03000 0.00034
0.67000 0.05000 0.00034
0.67000 0.07000 0.00035
0.67000 0.09000 0.00036
0.67000 0.11000 0.00037
0.67000 0.13000 0.00038
0.67000 0.15000 0.00039
0.67000 0.17000 0.00040
0.67000 0.19000 0.00042
0.67000 0.21000 0.00044
0.67000 0.23000 0.00046
0.67000 0.25000 0.00048
0.67000 0.27000 0.00050
0.67000 0.29000 0.00053
0.67000 0.31000 0.00056
0.67000 0.33000 0.00059
0.67000 0.35000 0.00062
0.67000 0.37000 0.00066
0.67000 0.39000 0.00069
0.67000 0.41000 0.00073
0.67000 0.43000 0.00078
0.67000 0.45000 0.00082
0.67000 0.47000 0.00087
0.67000 0.49000 0.00092
0.67000 0.51000 0.00098
0.67000 0.53000 0.00103
0.67000 0.55000 0.00110
0.67000 0.57000 0.00116
0.67000 0.59000 0.00123
0.67000 0.61000 0.00130
0.67000 0.63000 0.00137
0.67000 0.65000 0.00145
0.67000 0.67000 0.00153
0.67000 0.69000 0.00161
0.67000 0.71000 0.00170
0.67000 0.73000 0.00179
0.67000 0.75000 0.00187
0.67000 0.77000 0.00196
0.67000 0.79000 0.00205
0.67000 0.81000 0.00214
0.67000 0.83000 0.00223
0.67000 0.85000 0.00231
0.67000 0.87000 0.00238
0.67000 0.89000 0.00245
0.67000 0.91000 0.00251
0.67000 0.93000 0.00256
0.67000 0.95000 0.00260
0.67000 0.97000 0.00233
0.67000 0.99000 0.05392
0.67000 1.00000 1.00000

0.69000 0.00000 0.00000
0.69000 0.01000 0.00032
0.69000 0.03000 0.00033
0.69000 0.05000 0.00033
0.69000 0.07000 0.00034
0.69000 0.09000 0.00034
0.69000 0.11000 0.00035
0.69000 0.13000 0.00037
0.69000 0.15000 0.00038
0.69000 0.17000 0.00039
0.69000 0.19000 0.00041
0.69000 0.21000 0.00043
0.69000 0.23000 0.00045
0.69000 0.25000 0.00047
0.69000 0.27000 0.00050
0.69000 0.29000 0.00052
0.69000 0.31000 0.00055
0.69000 0.33000 0.00058
0.69000 0.35000 0.00062
0.69000 0.37000 0.00065
0.69000 0.39000 0.00069
0.69000 0.41000 0.00073
0.69000 0.43000 0.00077
0.69000 0.45000 0.00082
0.69000 0.47000 0.00087
0.69000 0.49000 0.00092
0.69000 0.51000 0.00098
0.69000 0.53000 0.00104
0.69000 0.55000 0.00110
0.69000 0.57000 0.00116
0.69000 0.59000 0.00123
0.69000 0.61000 0.00131
0.69000 0.63000 0.00138
0.69000 0.65000 0.00146
0.69000 0.67000 0.00155
0.69000 0.69000 0.00163
0.69000 0.71000 0.00172
0.69000 0.73000 0.00182
0.69000 0.75000 0.00191
0.69000 0.77000 0.00201
0.69000 0.79000 0.00210
0.69000 0.81000 0.00220
0.69000 0.83000 0.00229
0.69000 0.85000 0.00238
0.69000 0.87000 0.00246
0.69000 0.89000 0.00254
0.69000 0.91000 0.00260
0.69000 0.93000 0.00266
0.69000 0.95000 0.00270
0.69000 0.97000 0.00243
0.69000 0.99000 0.05383
0.69000 1.00000 1.00000

0.71000 0.00000 0.00000
0.71000 0.01000 0.00031
0.71000 0.03000 0.00031
0.71000 0.05000 0.00032
0.71000 0.07000 0.00032
0.71000 0.09000 0.00033
0.71000 0.11000 0.00034
0.71000 0.13000 0.00035
0.71000 0.15000 0.00037
0.71000 0.17000 0.00038
0.71000 0.19000 0.00040
0.71000 0.21000 0.00042
0.71000 0.23000 0.00044
0.71000 0.25000 0.00046
0.71000 0.27000 0.00049
0.71000 0.29000 0.00051
0.71000 0.31000 0.00054
0.71000 0.33000 0.00058
0.71000 0.35000 0.00061
0.71000 0.37000 0.00065
0.71000 0.39000 0.00068
0.71000 0.41000 0.00073
0.71000 0.43000 0.00077
0.71000 0.45000 0.00082
0.71000 0.47000 0.00087
0.71000 0.49000 0.00092
0.71000 0.51000 0.00098
0.71000 0.53000 0.00104
0.71000 0.55000 0.00110
0.71000 0.57000 0.00117
0.71000 0.59000 0.00124
0.71000 0.61000 0.00132
0.71000 0.63000 0.00140
0.71000 0.65000 0.00148
0.71000 0.67000 0.00157
0.71000 0.69000 0.00166
0.71000 0.71000 0.00175
0.71000 0.73000 0.00185
0.71000 0.75000 0.00195
0.71000 0.77000 0.00205
0.71000 0.79000 0.00215
0.71000 0.81000 0.00226
0.71000 0.83000 0.00236
0.71000 0.85000 0.00246
0.71000 0.87000 0.00255
0.71000 0.89000 0.00264
0.71000 0.91000 0.00271
0.71000 0.93000 0.00277
0.71000 0.95000 0.00282
0.71000 0.97000 0.00255
0.71000 0.99000 0.05373
0.71000 1.00000 1.00000

0.73000 0.00000 0.00000
0.73000 0.01000 0.00029
0.73000 0.03000 0.00030
0.73000 0.05000 0.00030
0.73000 0.07000 0.00031
0.73000 0.09000 0.00032
0.73000 0.11000 0.00033
0.73000 0.13000 0.00034
0.73000 0.15000 0.00035
0.73000 0.17000 0.00037
0.73000 0.19000 0.00039
0.73000 0.21000 0.00041
0.73000 0.23000 0.00043
0.73000 0.25000 0.00045
0.73000 0.27000 0.00048
0.73000 0.29000 0.00051
0.73000 0.31000 0.00054
0.73000 0.33000 0.00057
0.73000 0.35000 0.00060
0.73000 0.37000 0.00064
0.73000 0.39000 0.00068
0.73000 0.41000 0.00072
0.73000 0.43000 0.00077
0.73000 0.45000 0.00082
0.73000 0.47000 0.00087
0.73000 0.49000 0.00092
0.73000 0.51000 0.00098
0.73000 0.53000 0.00104
0.73000 0.55000 0.00111
0.73000 0.57000 0.00118
0.73000 0.59000 0.00125
0.73000 0.61000 0.00133
0.73000 0.63000 0.00141
0.73000 0.65000 0.00150
0.73000 0.67000 0.00159
0.73000 0.69000 0.00168
0.73000 0.71000 0.00178
0.73000 0.73000 0.00189
0.73000 0.75000 0.00199
0.73000 0.77000 0.00210
0.73000 0.79000 0.00221
0.73000 0.81000 0.00233
0.73000 0.83000 0.00244
0.73000 0.85000 0.00255
0.73000 0.87000 0.00265
0.73000 0.89000 0.00275
0.73000 0.91000 0.00284
0.73000 0.93000 0.00291
0.73000 0.95000 0.00296
0.73000 0.97000 0.00269
0.73000 0.99000 0.05360
0.73000 1.00000 1.00000

0.75000 0.00000 0.00000
0.75000 0.01000 0.00028
0.75000 0.03000 0.00028
0.75000 0.05000 0.00029
0.75000 0.07000 0.00029
0.75000 0.09000 0.00030
0.75000 0.11000 0.00031
0.75000 0.13000 0.00032
0.75000 0.15000 0.00034
0.75000 0.17000 0.00036
0.75000 0.19000 0.00037
0.75000 0.21000 0.00039
0.75000 0.23000 0.00042
0.75000 0.25000 0.00044
0.75000 0.27000 0.00047
0.75000 0.29000 0.00050
0.75000 0.31000 0.00053
0.75000 0.33000 0.00056
0.75000 0.35000 0.00060
0.75000 0.37000 0.00063
0.75000 0.39000 0.00067
0.75000 0.41000 0.00072
0.75000 0.43000 0.00076
0.75000 0.45000 0.00081
0.75000 0.47000 0.00087
0.75000 0.49000 0.00092
0.75000 0.51000 0.00098
0.75000 0.53000 0.00104
0.75000 0.55000 0.00111
0.75000 0.57000 0.00118
0.75000 0.59000 0.00126
0.75000 0.61000 0.00134
0.75000 0.63000 0.00142
0.75000 0.65000 0.00151
0.75000 0.67000 0.00161
0.75000 0.69000 0.00171
0.75000 0.71000 0.00182
0.75000 0.73000 0.00193
0.75000 0.75000 0.00204
0.75000 0.77000 0.00216
0.75000 0.79000 0.00228
0.75000 0.81000 0.00241
0.75000 0.83000 0.00253
0.75000 0.85000 0.00265
0.75000 0.87000 0.00277
0.75000 0.89000 0.00288
0.75000 0.91000 0.00298
0.75000 0.93000 0.00307
0.75000 0.95000 0.00313
0.75000 0.97000 0.00286
0.75000 0.99000 0.05345
0.75000 1.00000 1.00000

0.77000 0.00000 0.00000
0.77000 0.01000 0.00026
0.77000 0.03000 0.00026
0.77000 0.05000 0.00027
0.77000 0.07000 0.00028
0.77000 0.09000 0.00028
0.77000 0.11000 0.00030
0.77000 0.13000 0.00031
0.77000 0.15000 0.00032
0.77000 0.17000 0.00034
0.77000 0.19000 0.00036
0.77000 0.21000 0.00038
0.77000 0.23000 0.00041
0.77000 0.25000 0.00043
0.77000 0.27000 0.00046
0.77000 0.29000 0.00049
0.77000 0.31000 0.00052
0.77000 0.33000 0.00055
0.77000 0.35000 0.00059
0.77000 0.37000 0.00063
0.77000 0.39000 0.00067
0.77000 0.41000 0.00071
0.77000 0.43000 0.00076
0.77000 0.45000 0.00081
0.77000 0.47000 0.00086
0.77000 0.49000 0.00092
0.77000 0.51000 0.00098
0.77000 0.53000 0.00105
0.77000 0.55000 0.00111
0.77000 0.57000 0.00119
0.77000 0.59000 0.00127
0.77000 0.61000 0.00135
0.77000 0.63000 0.00144
0.77000 0.65000 0.00153
0.77000 0.67000 0.00163
0.77000 0.69000 0.00174
0.77000 0.71000 0.00185
0.77000 0.73000 0.00197
0.77000 0.75000 0.00209
0.77000 0.77000 0.00222
0.77000 0.79000 0.00236
0.77000 0.81000 0.00249
0.77000 0.83000 0.00263
0.77000 0.85000 0.00277
0.77000 0.87000 0.00291
0.77000 0.89000 0.00304
0.77000 0.91000 0.00316
0.77000 0.93000 0.00326
0.77000 0.95000 0.00334
0.77000 0.97000 0.00306
0.77000 0.99000 0.05326
0.77000 1.00000 1.00000

0.79000 0.00000 0.00000
0.79000 0.01000 0.00024
0.79000 0.03000 0.00024
0.79000 0.05000 0.00025
0.79000 0.07000 0.00026
0.79000 0.09000 0.00027
0.79000 0.11000 0.00028
0.79000 0.13000 0.00029
0.79000 0.15000 0.00031
0.79000 0.17000 0.00033
0.79000 0.19000 0.00035
0.79000 0.21000 0.00037
0.79000 0.23000 0.00039
0.79000 0.25000 0.00042
0.79000 0.27000 0.00045
0.79000 0.29000 0.00048
0.79000 0.31000 0.00051
0.79000 0.33000 0.00055
0.79000 0.35000 0.00058
0.79000 0.37000 0.00062
0.79000 0.39000 0.00066
0.79000 0.41000 0.00071
0.79000 0.43000 0.00076
0.79000 0.45000 0.00081
0.79000 0.47000 0.00086
0.79000 0.49000 0.00092
0.79000 0.51000 0.00098
0.79000 0.53000 0.00105
0.79000 0.55000 0.00112
0.79000 0.57000 0.00119
0.79000 0.59000 0.00128
0.79000 0.61000 0.00136
0.79000 0.63000 0.00145
0.79000 0.65000 0.00155
0.79000 0.67000 0.00166
0.79000 0.69000 0.00177
0.79000 0.71000 0.00189
0.79000 0.73000 0.00201
0.79000 0.75000 0.00215
0.79000 0.77000 0.00229
0.79000 0.79000 0.00244
0.79000 0.81000 0.00259
0.79000 0.83000 0.00275
0.79000 0.85000 0.00291
0.79000 0.87000 0.00307
0.79000 0.89000 0.00322
0.79000 0.91000 0.00336
0.79000 0.93000 0.00349
0.79000 0.95000 0.00358
0.79000 0.97000 0.00331
0.79000 0.99000 0.05304
0.79000 1.00000 1.00000

0.81000 0.00000 0.00000
0.81000 0.01000 0.00022
0.81000 0.03000 0.00023
0.81000 0.05000 0.00023
0.81000 0.07000 0.00024
0.81000 0.09000 0.00025
0.81000 0.11000 0.00026
0.81000 0.13000 0.00028
0.81000 0.15000 0.00029
0.81000 0.17000 0.00031
0.81000 0.19000 0.00033
0.81000 0.21000 0.00036
0.81000 0.23000 0.00038
0.81000 0.25000 0.00041
0.81000 0.27000 0.00044
0.81000 0.29000 0.00047
0.81000 0.31000 0.00050
0.81000 0.33000 0.00054
0.81000 0.35000 0.00058
0.81000 0.37000 0.00062
0.81000 0.39000 0.00066
0.81000 0.41000 0.00070
0.81000 0.43000 0.00075
0.81000 0.45000 0.00080
0.81000 0.47000 0.00086
0.81000 0.49000 0.00092
0.81000 0.51000 0.00098
0.81000 0.53000 0.00105
0.81000 0.55000 0.00112
0.81000 0.57000 0.00120
0.81000 0.59000 0.00128
0.81000 0.61000 0.00137
0.81000 0.63000 0.00147
0.81000 0.65000 0.00157
0.81000 0.67000 0.00168
0.81000 0.69000 0.00180
0.81000 0.71000 0.00193
0.81000 0.73000 0.00206
0.81000 0.75000 0.00221
0.81000 0.77000 0.00236
0.81000 0.79000 0.00252
0.81000 0.81000 0.00270
0.81000 0.83000 0.00288
0.81000 0.85000 0.00306
0.81000 0.87000 0.00325
0.81000 0.89000 0.00343
0.81000 0.91000 0.00361
0.81000 0.93000 0.00376
0.81000 0.95000 0.00389
0.81000 0.97000 0.00361
0.81000 0.99000 0.05277
0.81000 1.00000 1.00000

0.83000 0.00000 0.00000
0.83000 0.01000 0.00020
0.83000 0.03000 0.00020
0.83000 0.05000 0.00021
0.83000 0.07000 0.00022
0.83000 0.09000 0.00023
0.83000 0.11000 0.00024
0.83000 0.13000 0.00026
0.83000 0.15000 0.00028
0.83000 0.17000 0.00030
0.83000 0.19000 0.00032
0.83000 0.21000 0.00035
0.83000 0.23000 0.00037
0.83000 0.25000 0.00040
0.83000 0.27000 0.00043
0.83000 0.29000 0.00046
0.83000 0.31000 0.00049
0.83000 0.33000 0.00053
0.83000 0.35000 0.00057
0.83000 0.37000 0.00061
0.83000 0.39000 0.00065
0.83000 0.41000 0.00070
0.83000 0.43000 0.00075
0.83000 0.45000 0.00080
0.83000 0.47000 0.00086
0.83000 0.49000 0.00092
0.83000 0.51000 0.00098
0.83000 0.53000 0.00105
0.83000 0.55000 0.00113
0.83000 0.57000 0.00121
0.83000 0.59000 0.00129
0.83000 0.61000 0.00139
0.83000 0.63000 0.00148
0.83000 0.65000 0.00159
0.83000 0.67000 0.00171
0.83000 0.69000 0.00183
0.83000 0.71000 0.00197
0.83000 0.73000 0.00211
0.83000 0.75000 0.00227
0.83000 0.77000 0.00244
0.83000 0.79000 0.00262
0.83000 0.81000 0.00281
0.83000 0.83000 0.00302
0.83000 0.85000 0.00323
0.83000 0.87000 0.00346
0.83000 0.89000 0.00368
0.83000 0.91000 0.00390
0.83000 0.93000 0.00410
0.83000 0.95000 0.00426
0.83000 0.97000 0.00398
0.83000 0.99000 0.05243
0.83000 1.00000 1.00000

0.85000 0.00000 0.00000
0.85000 0.01000 0.00018
0.85000 0.03000 0.00018
0.85000 0.05000 0.00019
0.85000 0.07000 0.00020
0.85000 0.09000 0.00021
0.85000 0.11000 0.00023
0.85000 0.13000 0.00024
0.85000 0.15000 0.00026
0.85000 0.17000 0.00029
0.85000 0.19000 0.00031
0.85000 0.21000 0.00033
0.85000 0.23000 0.00036
0.85000 0.25000 0.00039
0.85000 0.27000 0.00042
0.85000 0.29000 0.00045
0.85000 0.31000 0.00049
0.85000 0.33000 0.00052
0.85000 0.35000 0.00056
0.85000 0.37000 0.00060
0.85000 0.39000 0.00065
0.85000 0.41000 0.00070
0.85000 0.43000 0.00075
0.85000 0.45000 0.00080
0.85000 0.47000 0.00086
0.85000 0.49000 0.00092
0.85000 0.51000 0.00099
0.85000 0.53000 0.00106
0.85000 0.55000 0.00113
0.85000 0.57000 0.00121
0.85000 0.59000 0.00130
0.85000 0.61000 0.00140
0.85000 0.63000 0.00150
0.85000 0.65000 0.00161
0.85000 0.67000 0.00173
0.85000 0.69000 0.00186
0.85000 0.71000 0.00200
0.85000 0.73000 0.00216
0.85000 0.75000 0.00233
0.85000 0.77000 0.00251
0.85000 0.79000 0.00272
0.85000 0.81000 0.00293
0.85000 0.83000 0.00317
0.85000 0.85000 0.00342
0.85000 0.87000 0.00369
0.85000 0.89000 0.00397
0.85000 0.91000 0.00424
0.85000 0.93000 0.00451
0.85000 0.95000 0.00473
0.85000 0.97000 0.00446
0.85000 0.99000 0.05200
0.85000 1.00000 1.00000

0.87000 0.00000 0.00000
0.87000 0.01000 0.00016
0.87000 0.03000 0.00016
0.87000 0.05000 0.00017
0.87000 0.07000 0.00018
0.87000 0.09000 0.00019
0.87000 0.11000 0.00021
0.87000 0.13000 0.00023
0.87000 0.15000 0.00025
0.87000 0.17000 0.00027
0.87000 0.19000 0.00030
0.87000 0.21000 0.00032
0.87000 0.23000 0.00035
0.87000 0.25000 0.00038
0.87000 0.27000 0.00041
0.87000 0.29000 0.00044
0.87000 0.31000 0.00048
0.87000 0.33000 0.00052
0.87000 0.35000 0.00056
0.87000 0.37000 0.00060
0.87000 0.39000 0.00064
0.87000 0.41000 0.00069
0.87000 0.43000 0.00074
0.87000 0.45000 0.00080
0.87000 0.47000 0.00086
0.87000 0.49000 0.00092
0.87000 0.51000 0.00099
0.87000 0.53000 0.00106
0.87000 0.55000 0.00114
0.87000 0.57000 0.00122
0.87000 0.59000 0.00131
0.87000 0.61000 0.00141
0.87000 0.63000 0.00151
0.87000 0.65000 0.00163
0.87000 0.67000 0.00175
0.87000 0.69000 0.00189
0.87000 0.71000 0.00204
0.87000 0.73000 0.00221
0.87000 0.75000 0.00239
0.87000 0.77000 0.00259
0.87000 0.79000 0.00282
0.87000 0.81000 0.00306
0.87000 0.83000 0.00333
0.87000 0.85000 0.00363
0.87000 0.87000 0.00396
0.87000 0.89000 0.00430
0.87000 0.91000 0.00466
0.87000 0.93000 0.00501
0.87000 0.95000 0.00533
0.87000 0.97000 0.00509
0.87000 0.99000 0.05143
0.87000 1.00000 1.00000

0.89000 0.00000 0.00000
0.89000 0.01000 0.00013
0.89000 0.03000 0.00014
0.89000 0.05000 0.00015
0.89000 0.07000 0.00016
0.89000 0.09000 0.00018
0.89000 0.11000 0.00019
0.89000 0.13000 0.00021
0.89000 0.15000 0.00024
0.89000 0.17000 0.00026
0.89000 0.19000 0.00028
0.89000 0.21000 0.00031
0.89000 0.23000 0.00034
0.89000 0.25000 0.00037
0.89000 0.27000 0.00040
0.89000 0.29000 0.00044
0.89000 0.31000 0.00047
0.89000 0.33000 0.00051
0.89000 0.35000 0.00055
0.89000 0.37000 0.00059
0.89000 0.39000 0.00064
0.89000 0.41000 0.00069
0.89000 0.43000 0.00074
0.89000 0.45000 0.00080
0.89000 0.47000 0.00086
0.89000 0.49000 0.00092
0.89000 0.51000 0.00099
0.89000 0.53000 0.00106
0.89000 0.55000 0.00114
0.89000 0.57000 0.00122
0.89000 0.59000 0.00132
0.89000 0.61000 0.00142
0.89000 0.63000 0.00153
0.89000 0.65000 0.00165
0.89000 0.67000 0.00178
0.89000 0.69000 0.00192
0.89000 0.71000 0.00208
0.89000 0.73000 0.00226
0.89000 0.75000 0.00245
0.89000 0.77000 0.00267
0.89000 0.79000 0.00292
0.89000 0.81000 0.00319
0.89000 0.83000 0.00351
0.89000 0.85000 0.00386
0.89000 0.87000 0.00425
0.89000 0.89000 0.00468
0.89000 0.91000 0.00515
0.89000 0.93000 0.00564
0.89000 0.95000 0.00611
0.89000 0.97000 0.00594
0.89000 0.99000 0.05066
0.89000 1.00000 1.00000

0.91000 0.00000 0.00000
0.91000 0.01000 0.00011
0.91000 0.03000 0.00012
0.91000 0.05000 0.00013
0.91000 0.07000 0.00014
0.91000 0.09000 0.00016
0.91000 0.11000 0.00018
0.91000 0.13000 0.00020
0.91000 0.15000 0.00022
0.91000 0.17000 0.00025
0.91000 0.19000 0.00027
0.91000 0.21000 0.00030
0.91000 0.23000 0.00033
0.91000 0.25000 0.00036
0.91000 0.27000 0.00040
0.91000 0.29000 0.00043
0.91000 0.31000 0.00047
0.91000 0.33000 0.00051
0.91000 0.35000 0.00055
0.91000 0.37000 0.00059
0.91000 0.39000 0.00064
0.91000 0.41000 0.00069
0.91000 0.43000 0.00074
0.91000 0.45000 0.00079
0.91000 0.47000 0.00085
0.91000 0.49000 0.00092
0.91000 0.51000 0.00099
0.91000 0.53000 0.00106
0.91000 0.55000 0.00114
0.91000 0.57000 0.00123
0.91000 0.59000 0.00132
0.91000 0.61000 0.00143
0.91000 0.63000 0.00154
0.91000 0.65000 0.00166
0.91000 0.67000 0.00180
0.91000 0.69000 0.00195
0.91000 0.71000 0.00211
0.91000 0.73000 0.00230
0.91000 0.75000 0.00251
0.91000 0.77000 0.00275
0.91000 0.79000 0.00301
0.91000 0.81000 0.00332
0.91000 0.83000 0.00368
0.91000 0.85000 0.00409
0.91000 0.87000 0.00456
0.91000 0.89000 0.00511
0.91000 0.91000 0.00574
0.91000 0.93000 0.00643
0.91000 0.95000 0.00716
0.91000 0.97000 0.00712
0.91000 0.99000 0.04953
0.91000 1.00000 1.00000

0.93000 0.00000 0.00000
0.93000 0.01000 0.00009
0.93000 0.03000 0.00009
0.93000 0.05000 0.00011
0.93000 0.07000 0.00012
0.93000 0.09000 0.00014
0.93000 0.11000 0.00016
0.93000 0.13000 0.00019
0.93000 0.15000 0.00021
0.93000 0.17000 0.00024
0.93000 0.19000 0.00027
0.93000 0.21000 0.00029
0.93000 0.23000 0.00032
0.93000 0.25000 0.00036
0.93000 0.27000 0.00039
0.93000 0.29000 0.00043
0.93000 0.31000 0.00046
0.93000 0.33000 0.00050
0.93000 0.35000 0.00054
0.93000 0.37000 0.00059
0.93000 0.39000 0.00063
0.93000 0.41000 0.00068
0.93000 0.43000 0.00074
0.93000 0.45000 0.00079
0.93000 0.47000 0.00085
0.93000 0.49000 0.00092
0.93000 0.51000 0.00099
0.93000 0.53000 0.00106
0.93000 0.55000 0.00114
0.93000 0.57000 0.00123
0.93000 0.59000 0.00133
0.93000 0.61000 0.00143
0.93000 0.63000 0.00155
0.93000 0.65000 0.00167
0.93000 0.67000 0.00181
0.93000 0.69000 0.00197
0.93000 0.71000 0.00214
0.93000 0.73000 0.00234
0.93000 0.75000 0.00256
0.93000 0.77000 0.00281
0.93000 0.79000 0.00310
0.93000 0.81000 0.00344
0.93000 0.83000 0.00384
0.93000 0.85000 0.00432
0.93000 0.87000 0.00489
0.93000 0.89000 0.00558
0.93000 0.91000 0.00641
0.93000 0.93000 0.00740
0.93000 0.95000 0.00855
0.93000 0.97000 0.00887
0.93000 0.99000 0.04770
0.93000 1.00000 1.00000

0.95000 0.00000 0.00000
0.95000 0.01000 0.00006
0.95000 0.03000 0.00007
0.95000 0.05000 0.00009
0.95000 0.07000 0.00011
0.95000 0.09000 0.00013
0.95000 0.11000 0.00015
0.95000 0.13000 0.00018
0.95000 0.15000 0.00020
0.95000 0.17000 0.00023
0.95000 0.19000 0.00026
0.95000 0.21000 0.00029
0.95000 0.23000 0.00032
0.95000 0.25000 0.00035
0.95000 0.27000 0.00039
0.95000 0.29000 0.00042
0.95000 0.31000 0.00046
0.95000 0.33000 0.00050
0.95000 0.35000 0.00054
0.95000 0.37000 0.00058
0.95000 0.39000 0.00063
0.95000 0.41000 0.00068
0.95000 0.43000 0.00073
0.95000 0.45000 0.00079
0.95000 0.47000 0.00085
0.95000 0.49000 0.00092
0.95000 0.51000 0.00099
0.95000 0.53000 0.00106
0.95000 0.55000 0.00115
0.95000 0.57000 0.00124
0.95000 0.59000 0.00133
0.95000 0.61000 0.00144
0.95000 0.63000 0.00156
0.95000 0.65000 0.00168
0.95000 0.67000 0.00183
0.95000 0.69000 0.00199
0.95000 0.71000 0.00217
0.95000 0.73000 0.00237
0.95000 0.75000 0.00260
0.95000 0.77000 0.00287
0.95000 0.79000 0.00318
0.95000 0.81000 0.00355
0.95000 0.83000 0.00399
0.95000 0.85000 0.00454
0.95000 0.87000 0.00521
0.95000 0.89000 0.00606
0.95000 0.91000 0.00715
0.95000 0.93000 0.00856
0.95000 0.95000 0.01040
0.95000 0.97000 0.01153
0.95000 0.99000 0.04427
0.95000 1.00000 1.00000

0.97000 0.00000 0.00000
0.97000 0.01000 0.00004
0.97000 0.03000 0.00005
0.97000 0.05000 0.00007
0.97000 0.07000 0.00010
0.97000 0.09000 0.00012
0.97000 0.11000 0.00014
0.97000 0.13000 0.00017
0.97000 0.15000 0.00020
0.97000 0.17000 0.00023
0.97000 0.19000 0.00025
0.97000 0.21000 0.00028
0.97000 0.23000 0.00032
0.97000 0.25000 0.00035
0.97000 0.27000 0.00038
0.97000 0.29000 0.00042
0.97000 0.31000 0.00046
0.97000 0.33000 0.00050
0.97000 0.35000 0.00054
0.97000 0.37000 0.00058
0.97000 0.39000 0.00063
0.97000 0.41000 0.00068
0.97000 0.43000 0.00073
0.97000 0.45000 0.00079
0.97000 0.47000 0.00085
0.97000 0.49000 0.00092
0.97000 0.51000 0.00099
0.97000 0.53000 0.00107
0.97000 0.55000 0.00115
0.97000 0.57000 0.00124
0.97000 0.59000 0.00134
0.97000 0.61000 0.00144
0.97000 0.63000 0.00156
0.97000 0.65000 0.00169
0.97000 0.67000 0.00184
0.97000 0.69000 0.00200
0.97000 0.71000 0.00218
0.97000 0.73000 0.00239
0.97000 0.75000 0.00263
0.97000 0.77000 0.00291
0.97000 0.79000 0.00323
0.97000 0.81000 0.00363
0.97000 0.83000 0.00411
0.97000 0.85000 0.00471
0.97000 0.87000 0.00548
0.97000 0.89000 0.00650
0.97000 0.91000 0.00791
0.97000 0.93000 0.00989
0.97000 0.95000 0.01276
0.97000 0.97000 0.01566
0.97000 0.99000 0.03629
0.97000 1.00000 1.00000

0.99000 0.00000 0.00000
0.99000 0.01000 0.00002
0.99000 0.03000 0.00004
0.99000 0.05000 0.00006
0.99000 0.07000 0.00009
0.99000 0.09000 0.00011
0.99000 0.11000 0.00014
0.99000 0.13000 0.00017
0.99000 0.15000 0.00019
0.99000 0.17000 0.00022
0.99000 0.19000 0.00025
0.99000 0.21000 0.00028
0.99000 0.23000 0.00031
0.99000 0.25000 0.00034
0.99000 0.27000 0.00038
0.99000 0.29000 0.00041
0.99000 0.31000 0.00045
0.99000 0.33000 0.00049
0.99000 0.35000 0.00053
0.99000 0.37000 0.00058
0.99000 0.39000 0.00062
0.99000 0.41000 0.00067
0.99000 0.43000 0.00073
0.99000 0.45000 0.00078
0.99000 0.47000 0.00084
0.99000 0.49000 0.00091
0.99000 0.51000 0.00098
0.99000 0.53000 0.00106
0.99000 0.55000 0.00114
0.99000 0.57000 0.00123
0.99000 0.59000 0.00133
0.99000 0.61000 0.00143
0.99000 0.63000 0.00155
0.99000 0.65000 0.00168
0.99000 0.67000 0.00183
0.99000 0.69000 0.00199
0.99000 0.71000 0.00217
0.99000 0.73000 0.00238
0.99000 0.75000 0.00262
0.99000 0.77000 0.00290
0.99000 0.79000 0.00324
0.99000 0.81000 0.00364
0.99000 0.83000 0.00414
0.99000 0.85000 0.00478
0.99000 0.87000 0.00563
0.99000 0.89000 0.00680
0.99000 0.91000 0.00855
0.99000 0.93000 0.01142
0.99000 0.95000 0.01675
0.99000 0.97000 0.02520
0.99000 0.99000 0.02097
0.99000 1.00000 1.00000

1.00000 0.00000 0.00000
1.00000 0.01000 0.00000
1.00000 0.03000 0.00000
1.00000 0.05000 0.00000
1.00000 0.07000 0.00000
1.00000 0.09000 0.00000
1.00000 0.11000 0.00000
1.00000 0.13000 0.00000
1.00000 0.15000 0.00000
1.00000 0.17000 0.00000
1.00000 0.19000 0.00000
1.00000 0.21000 0.00000
1.00000 0.23000 0.00000
1.00000 0.25000 0.00000
1.00000 0.27000 0.00000
1.00000 0.29000 0.00000
1.00000 0.31000 0.00000
1.00000 0.33000 0.00000
1.00000 0.35000 0.00000
1.00000 0.37000 0.00000
1.00000 0.39000 0.00000
1.00000 0.41000 0.00000
1.00000 0.43000 0.00000
1.00000 0.45000 0.00000
1.00000 0.47000 0.00000
1.00000 0.49000 0.00000
1.00000 0.51000 0.00000
1.00000 0.53000 0.00000
1.00000 0.55000 0.00000
1.00000 0.57000 0.00000
1.00000 0.59000 0.00000
1.00000 0.61000 0.00000
1.00000 0.63000 0.00000
1.00000 0.65000 0.00000
1.00000 0.67000 0.00000
1.00000 0.69000 0.00000
1.00000 0.71000 0.00000
1.00000 0.73000 0.00000
1.00000 0.75000 0.00000
1.00000 0.77000 0.00000
1.00000 0.79000 0.00000
1.00000 0.81000 0.00000
1.00000 0.83000 0.00000
1.00000 0.85000 0.00000
1.00000 0.87000 0.00000
1.00000 0.89000 0.00000
1.00000 0.91000 0.00000
1.00000 0.93000 0.00000
1.00000 0.95000 0.00000
1.00000 0.97000 0.00000
1.00000 0.99000 0.00000
1.00000 1.00000 1.00000

